254
63
880
242
33
30
340
225
866
255
729
830
932
621
484
494
293
52
645
978
840
143
978
736
886
708
330
258
91
305
534
777
647
183
15
313
13
113
612
464
729
594
336
408
672
28
717
847
423
865
389
855
716
200
999
928
890
299
981
856
112
625
212
610
164
262
200
798
984
263
874
631
276
370
137
1
984
947
40
131
143
968
600
564
479
174
580
832
146
189
607
993
40
352
54
524
75
426
922
198
760
397
25
668
250
11
675
804
382
510
233
930
115
566
647
783
495
160
424
845
339
258
540
167
290
460
602
111
637
1
655
114
505
174
940
999
114
849
513
124
488
929
258
683
83
160
499
918
736
285
249
829
709
186
987
850
110
219
367
480
613
804
669
675
12
639
899
674
770
63
941
42
923
812
386
279
479
634
774
885
407
393
427
776
962
351
362
663
447
1000
790
886
61
992
756
904
400
977
953
717
298
978
535
468
928
43
644
640
485
840
944
410
400
794
561
182
49
518
873
576
954
327
600
240
173
205
601
634
15
300
129
156
312
942
90
84
739
31
671
898
79
805
71
525
252
75
359
172
573
485
197
555
439
673
199
831
383
667
564
131
231
346
628
519
281
127
977
228
472
402
718
37
571
332
356
412
309
70
923
910
396
883
784
781
810
674
18
313
850
149
95
639
551
169
342
24
619
834
824
991
927
822
260
988
939
740
722
234
236
463
49
750
596
754
157
362
305
940
482
860
220
168
117
818
59
62
892
914
286
334
307
214
353
623
244
68
246
84
94
428
566
89
187
199
400
784
892
675
899
473
690
847
717
533
554
552
606
613
627
130
142
632
506
195
327
684
709
92
347
399
315
963
580
833
499
345
769
438
201
771
728
458
47
632
80
58
340
923
801
852
410
963
927
604
268
851
859
986
573
995
685
871
100
329
436
668
280
34
84
100
940
156
387
153
871
418
270
836
391
931
973
537
439
4
448
76
374
628
730
673
764
978
328
795
37
532
959
971
383
545
831
594
106
342
382
511
957
768
907
748
590
792
4
734
563
189
336
694
432
940
848
750
337
206
940
446
503
311
692
414
487
600
148
517
468
762
845
441
183
29
316
623
316
340
809
662
493
156
232
869
200
168
696
969
791
509
990
766
273
844
136
182
599
217
549
430
195
447
871
338
73
189
132
174
468
26
409
801
679
636
768
731
254
616
249
428
973
724
890
859
439
811
410
656
617
433
246
19
336
296
810
224
287
747
118
823
937
678
480
395
215
162
745
387
930
309
416
944
641
154
507
216
204
827
602
980
473
735
231
823
249
603
563
392
849
471
950
293
551
549
824
654
837
449
646
983
121
704
940
864
691
102
504
644
846
115
921
28
360
771
279
665
753
326
318
564
745
285
361
25
944
220
648
77
472
611
766
21
439
709
121
474
635
166
733
614
871
138
143
356
210
390
268
103
568
968
842
538
694
1000
743
3
127
679
224
428
360
595
745
593
450
570
158
163
318
447
212
440
391
104
27
863
591
685
71
336
71
434
819
619
685
298
688
33
819
101
700
515
921
164
194
526
447
214
647
572
39
951
85
284
87
740
324
637
802
32
509
967
982
190
766
823
723
672
777
450
552
671
464
356
811
539
746
89
637
914
710
771
429
558
469
256
813
393
471
498
99
868
1000
634
721
49
844
120
294
708
481
767
272
136
42
533
636
951
511
994
993
406
841
583
649
892
621
835
667
490
9
601
26
480
155
657
653
939
979
560
303
960
910
351
965
660
365
720
332
692
505
743
102
451
234
824
691
328
84
479
186
365
862
651
963
926
236
315
216
163
499
292
629
666
466
760
400
97
557
591
490
404
251
496
355
315
687
10
610
487
537
598
440
736
559
347
241
236
938
492
373
800
212
279
724
832
484
403
187
112
851
421
140
621
493
320
131
826
507
310
487
887
294
769
218
298
188
48
97
39
710
706
565
401
973
961
973
133
977
657
253
696
722
10
631
992
393
461
257
916
819
446
478
225
436
945
242
992
279
649
378
539
975
455
554
907
608
717
160
579
734
200
693
342
242
492
813
840
867
928
921
347
541
334
134
789
18
361
949
423
976
719
572
198
526
569
993
420
798
307
158
605
568
203
783
425
711
965
237
106
190
367
735
834
819
639
274
613
185
247
682
884
396
586
341
229
996
924
497
207
898
916
823
240
860
800
462
978
166
402
243
256
799
941
346
86
770
613
141
599
291
446
563
908
668
23
478
389
169
347
941
713
345
688
208
275
134
642
474
365
930
699
513
340
